100 1000
42 78
97 143
174 416
297 734
219 454
174 440
245 482
78 67
187 380
36 38
266 795
293 725
331 248
99 158
232 533
79 183
216 356
327 958
179 464
126 147
91 129
109 280
36 97
120 234
261 287
49 97
288 795
142 223
311 478
200 156
214 197
273 785
183 104
261 214
290 281
118 163
14 16
105 191
147 216
137 291
213 543
224 525
220 142
11 8
285 256
250 275
224 406
6 17
179 534
93 186
331 386
141 191
21 19
186 442
293 831
311 756
269 619
167 486
12 10
302 484
131 383
290 514
26 13
254 599
115 140
64 105
140 213
264 235
34 81
212 372
125 73
23 28
111 114
328 299
87 94
260 197
180 374
11 31
170 284
154 417
145 80
188 467
146 184
304 154
134 114
237 172
47 24
298 829
263 573
208 159
217 466
180 503
184 279
317 539
328 813
304 203
266 292
316 554
269 560
46 37