100 75 100
52 80 87
27 10 60
8 35 20
67 69 35
91 83 507
23 3 22
30 15 96
94 41 251
21 23 196
7 69 36
56 44 300
77 77 610
3 8 19
72 64 167
65 62 581
91 67 219
30 20 162
85 69 427
39 54 134
74 98 473
51 63 65
14 11 27
35 83 312
44 11 42
55 61 477
85 69 532
54 76 221
94 37 102
34 39 312
73 86 342
56 51 130
3 76 30
90 95 607
83 65 487
35 93 260
98 9 30
8 38 15
18 41 33
56 5 5
1 14 6
87 58 131
31 88 58
32 6 39
33 97 32
46 9 71
84 14 58
81 56 453
57 31 79
44 34 175
86 91 818
61 30 148
47 31 70
5 82 22
28 16 15
19 26 86
21 78 169
78 65 152
23 37 118
45 27 253
70 77 268
10 49 35
6 16 32
49 71 351
23 87 76
78 57 355
7 13 57
95 29 154
95 51 109
92 33 136
13 32 76
50 76 69
16 23 156
35 11 49
26 28 60
40 22 75
67 17 112
2 78 4
43 68 206
38 15 75
68 28 180
19 49 17
63 75 193
22 35 80
61 3 27
47 85 262
9 26 61
23 86 193
2 21 11
52 76 418
100 12 79
92 20 180
18 71 56
2 52 2
82 13 4
95 15 69
36 84 315
46 51 23
64 99 317
63 68 272
87 16 84